circRNA_ID	chr	circRNA_start	circRNA_end	#junction_reads	SM_MS_SMS	#non_junction_reads	junction_reads_ratio	circRNA_type	gene_id	strand	junction_reads_ID
chr1:633637|633956	chr1	633637	633956	4	2_3_0	15805	0.001	intergenic_region	n/a	-	SRR3286989.2735937,SRR3286989.4541097,SRR3286989.14159514,SRR3286989.34134163,
chr1:13773078|13782831	chr1	13773078	13782831	2	2_1_0	11	0.267	intergenic_region	n/a	+	SRR3286989.57286628,SRR3286989.48191849,
chr1:247156406|247159813	chr1	247156406	247159813	4	2_4_0	11	0.421	intergenic_region	n/a	-	SRR3286989.28192857,SRR3286989.52932999,SRR3286989.5022846,SRR3286989.47276526,
chr2:40428473|40430304	chr2	40428473	40430304	3	1_3_0	5	0.545	intergenic_region	n/a	-	SRR3286989.43160205,SRR3286989.52546099,SRR3286989.53276717,
