circRNA_ID	chr	circRNA_start	circRNA_end	#junction_reads	SM_MS_SMS	#non_junction_reads	junction_reads_ratio	circRNA_type	gene_id	strand	junction_reads_ID
chr1:633637|633793	chr1	633637	633793	2	2_1_0	9746	0.000	intergenic_region	n/a	-	SRR3286995.40078912,SRR3286995.43785252,
chr1:633637|634354	chr1	633637	634354	2	1_2_0	5603	0.001	intergenic_region	n/a	-	SRR3286995.38984129,SRR3286995.39890725,
chr1:89054682|89107052	chr1	89054682	89107052	2	0_2_1	20	0.167	intergenic_region	n/a	-	SRR3286995.41601226,SRR3286995.16284569,
chr1:247155566|247159813	chr1	247155566	247159813	3	1_2_0	8	0.429	intergenic_region	n/a	-	SRR3286995.24776678,SRR3286995.36655850,SRR3286995.36801845,
