circRNA_ID	chr	circRNA_start	circRNA_end	#junction_reads	SM_MS_SMS	#non_junction_reads	junction_reads_ratio	circRNA_type	gene_id	strand	junction_reads_ID
chr1:227714384|227861932	chr1	227714384	227861932	3	2_2_0	20	0.231	intergenic_region	n/a	-	SRR5515950.121079581,SRR5515950.129177571,SRR5515950.47457588,
chr2:40428473|40430304	chr2	40428473	40430304	4	4_2_0	6	0.571	intergenic_region	n/a	-	SRR5515950.41520801,SRR5515950.66176695,SRR5515950.22793341,SRR5515950.30742075,
