circRNA_ID	chr	circRNA_start	circRNA_end	#junction_reads	SM_MS_SMS	#non_junction_reads	junction_reads_ratio	circRNA_type	gene_id	strand	junction_reads_ID
chr1:633637|633956	chr1	633637	633956	6	4_2_0	12143	0.001	intergenic_region	n/a	-	SRR3286993.40591120,SRR3286993.9054264,SRR3286993.13991079,SRR3286993.37028622,SRR3286993.41663981,SRR3286993.50694750,
chr1:13778418|13782831	chr1	13778418	13782831	2	1_2_0	6	0.400	intergenic_region	n/a	+	SRR3286993.33471945,SRR3286993.46263813,
chr1:26729651|26732792	chr1	26729651	26732792	5	4_3_0	15	0.400	intergenic_region	n/a	+	SRR3286993.1030,SRR3286993.53862328,SRR3286993.30519608,SRR3286993.41826824,SRR3286993.54176976,
chr1:155438327|155459898	chr1	155438327	155459898	2	2_1_0	5	0.444	intergenic_region	n/a	-	SRR3286993.39924383,SRR3286993.7029570,
chr1:226379242|226380012	chr1	226379242	226380012	3	1_2_1	15	0.286	intergenic_region	n/a	-	SRR3286993.37130653,SRR3286993.44178004,SRR3286993.63907964,
chr2:40428473|40430304	chr2	40428473	40430304	6	2_4_0	5	0.706	intergenic_region	n/a	-	SRR3286993.13083213,SRR3286993.3814656,SRR3286993.4688634,SRR3286993.11514993,SRR3286993.11554092,SRR3286993.16128992,
